phi	psi
None	-0.3761276769751057
-1.1174649838596125	-1.0457420911001627
-2.4474548934554687	-0.16769038006902606
1.175461619394828	1.954946947656492
1.2006477853634474	1.3264555976752241
-1.661038779691653	0.9642886799703019
-1.781311071482721	2.0493572171401406
-1.8784858824549784	2.5507601186073146
-2.258529101133558	2.201759315066942
-2.130655963227045	2.366500820803971
-1.8091447386466437	2.1734918303615376
-2.0224205193045752	2.059722448614846
-1.679701456627237	2.523974017780356
-1.8743647015126348	2.9451883566907266
-1.2727922132989824	2.6819209499898324
-1.0832600421132803	2.438178125695422
-1.6112164541703398	2.924548732704454
-1.0198775927848627	-0.5755254168959453
-1.1903903664584137	-0.6588387258218016
-1.2385015013622127	-0.7476377230842775
-1.1439584794378848	-0.7458026922945659
-1.0624252579450741	-0.6857289742761425
-1.1979235125521435	-0.48262487277323907
1.8081347511685975	0.2926069082191322
-1.1231495559987457	2.765826161413054
-2.1271780870823727	2.7075598054046752
-1.4317731294423715	1.8262232497761353
-1.5872783678437614	-0.2682062465207087
-1.332636476731165	2.1792931268147253
-1.9591895681727187	2.5145718534066694
-2.0325987344119403	2.664987839560354
-2.594111139930127	2.229195882218804
1.0955989076449202	-2.947340607430767
-1.734354556525018	0.2380286794425924
-2.5034027506949275	0.08970523625550206
-2.2243530115002357	2.38286681404179
-2.1407630106010176	2.5335337627472527
-2.0915152006377498	2.101182374950707
-2.1890744925975794	2.219222926625434
0.8669588088128101	0.8268072051961126
1.276132663151832	-0.33835382221380483
-1.4823327985404582	2.228254499715901
-1.47400312929203	2.4998052832434507
-2.358625512310338	1.9830359051214028
-1.7202536203769452	2.667187598207717
-2.603094804764697	3.1324473748854156
-1.0661419280165156	-0.47735136587656246
-2.998849004728545	2.600442455019733
-2.18941918507991	2.091246829203896
-1.702534747159336	2.167856302550281
-1.3090347804411226	2.9961424538931287
-0.891242506584146	-0.35494908033716555
-1.9387833307795443	0.24048353377002468
-1.0677413728738852	2.4819458633683857
-1.5021835560890533	2.807307382229313
-1.0494261382311052	-0.6245247406543362
-1.1078698681956791	-0.7134716560171519
-1.1529328256776368	-0.7811174603283833
-1.0698478650098848	-0.7392200738996527
-1.1638230982492486	-0.7962902748445037
-1.1017860971358229	-0.7119211059043757
-1.422839245364726	-0.6271584571268224
-1.6776269883525834	-0.5536907690078402
-2.1413539650642326	-0.5132723173987157
-0.7043808155974471	-1.034467612344864
-1.0600397086912625	-0.6479690093198692
-1.100197373286046	-0.7087639316149813
-1.054110231329597	-0.6872400517397643
-1.119319894329474	-0.7042616766554867
-1.0986900194480471	-0.7369077051033881
-1.0522546313286298	-0.7426897650477928
-1.2362309398920281	-0.39332639145684123
-1.411009064665255	-0.1353718373179076
1.7878787571598975	0.12949104161265512
-1.7580009749229843	2.9014164648950977
-1.7221728587142582	2.8229465465569805
-2.8174458743978996	2.927383395659711
-2.531321722117546	2.5091632030358317
-2.402769165529452	2.2339031269591647
-2.0602380201973216	2.7282498357937195
-2.1784271175622476	2.001813096616736
-2.0855059600818313	2.563790533490988
2.6407443215900908	2.957244573109381
-1.1964592182339258	2.933123080547774
-1.163395731470073	2.353984042521159
1.410681873655141	0.1209876411865914
-1.2495249279900424	-0.544578922200658
2.232260971850438	0.33330546984471515
-1.0808166113521733	-0.9211012496174051
-1.189909204009514	-0.6872044337581628
-1.013246861844898	-0.7383905151747097
-1.250284183361488	-0.8487684666215635
-1.2725162609029186	-0.611230564579045
-2.266502588543718	-0.6209967284816527
0.9380701040969798	-2.4594792966976
-1.557288658416832	1.7388049838369117
-0.7944777410219043	-0.5170385981614016
-2.0241626693859494	0.026802227175385152
-1.5667927366315448	2.104203452247338
-1.0280738998406254	-0.49656611750661206
-1.5954932773398331	-0.8180644334281593
-1.4560101701021535	-0.07240770077415261
-1.1461043226319185	2.582366545365228
-1.55758993389373	-2.8349406750449333
-1.0216895512942892	-0.8273691725751448
-1.0067528147230003	-0.9167748361417501
-0.9892445281005996	-0.7758868361191352
-1.1174342334683833	-0.5481747504282243
-1.2153092683615894	-0.8383202977968998
-0.9892209421136959	-0.8601088770216556
-0.9216834275707251	-0.8960830787465592
-1.1816686743383138	-0.5161354429696126
-1.1883999152109057	-0.9424610964372405
-1.0573384703420827	-0.7627711459841844
-0.9991816088401465	-0.6806715225520831
-1.138412374540517	-0.8264314910484883
-0.9590949693934824	-0.8137905513084872
-1.0429320249383118	-0.5744222890014941
-1.4508445041119928	-0.15020705459798744
-1.6164255413357482	-1.3850853391553926
0.6027182727823832	0.20293869007162324
-1.6131546657908515	-1.4815291075993697
-1.773249580846018	-0.10860714846731533
-1.5936321811449699	2.3055457055853212
-1.9253028258206222	1.9685073557888066
-1.6967821065273145	2.7426307314151366
-2.6356602251542864	1.9460481618835046
-1.9054445522908974	2.2573745773882825
-2.238467414742432	2.4551537784471638
-2.154916983865396	2.767181593677382
-2.49291395817448	2.559137201678007
-2.488108117998073	2.004570214635449
-2.4864457069071184	2.876332413329262
-2.2388265350303977	2.692783836669941
-2.094138025223413	2.0780744159087736
-2.3079400096787253	2.1898533215154896
0.9896277655489654	0.6521362073883474
1.0329832127411829	0.5045686083157888
-2.1137982483288877	2.404486228761046
-1.7246568930838757	2.232787487438989
-2.1444798066931425	2.365145161655949
-1.3269599554057294	2.13288104314675
-1.4208721289301798	-0.1961369526658975
-1.6820488335746346	-0.1700865253765813
-2.7103721399015366	1.7527628878694723
-1.1618324140564098	-0.08591985586149778
-1.4582581696213182	-0.46123478860655176
-1.399323239374117	1.4444862228835926
-1.9099266342484864	2.701814624501259
0.8192589017583821	0.9296455545757738
-1.296013568019046	2.8326870115543574
-2.108226605034695	2.5896795993366153
-1.5054816330700351	2.403991303574933
-2.420738647096906	2.761823753913892
-1.9324589304419062	2.3949735375141947
-1.4627262354283037	-3.051450475135436
-0.8380652530719888	-0.6678869556669046
-1.8655053425507786	0.7458803478506912
1.1273504024281764	-0.3904780932980506
-0.9673153357560234	2.1394187535609666
-1.2920235011518229	2.8433067118854614
-2.9038909607112013	2.709758614485268
-1.6106784013049968	1.9034449114981402
-0.8976781244189364	2.016105826431863
1.3867005756754687	0.25539640849986717
-1.4390954866066878	2.299465781404538
-0.9561855077029092	2.351662311813858
-2.1962847579612124	2.001205947174771
-1.9449096402894954	2.199120096543504
-1.331229705561315	2.090167968922081
-1.9063457462308522	2.6412724612482754
-2.2358107834990086	0.06853243716327459
-2.8600420661075487	2.7612829062939794
-0.9544941783878693	-0.7617473803357507
-1.0334197304349166	-0.6572462987304649
-1.1281217418056706	-0.7036708447792964
-1.159842290145985	-0.7798103066359549
-1.129409138978884	-0.6083694628021686
-1.1315907026037975	-0.6983605668080265
-1.0790232831255857	-0.8355053788520816
-1.065232464993547	-0.7269435476395933
-1.116730827319981	-0.6551354342563434
-1.1790671677355307	-0.8011395338968281
-0.9837637376482794	-0.7630923136899564
-1.110942869973366	-0.5718687796553955
-1.3810749096464863	-0.7249304960076595
-1.0452556679347285	-0.5434558785347284
-0.9911000996092836	-0.4468658514332025
-1.312803133742472	-0.2572229014425963
-1.1304561098252703	2.137506297698747
1.2069240710853288	0.3601250688921465
-2.086423336918958	2.0152313644542748
-1.3001453822847213	-0.8442902077528617
-2.0111797885461664	1.828115437260808
-1.232005604758787	-0.5151628212148937
-1.1119214371574546	-1.019649448187588
-0.9367208947095986	-0.8496833816293728
-1.0874812428161529	-0.7746508884172942
-1.1491781418817069	-0.7215906462657485
-1.2196176803846703	-0.4549055863448622
-1.7208773973868934	0.001981114463708588
-2.1065481447037904	2.9237602915910057
-1.961530379257	2.253970049997295
-1.7503568306987958	2.33057482410605
-2.2563083572291944	2.01772378017555
-1.911323716052551	2.176248642012783
-1.9319775813840423	2.2868299895968325
-2.0993237355391745	1.9386351797194226
-1.7905506219068357	2.0593410645273162
-1.926794521621352	1.9176862235474343
-1.9286302699556856	2.586431380632836
-2.679863933602304	2.5780241892874236
-2.464030738726886	2.157582085327487
-1.442790960690556	1.894814446438692
-0.8294953668613342	-0.551527090775547
-1.5667047880930083	-1.02345919450509
-1.086647515047357	-0.6176505742435454
1.3613086286700473	-0.2460024172604722
-1.1046034317711486	2.105348783775365
-1.6284366730895345	2.73026999514121
-2.528841200715676	2.545683921110909
-2.606119799952404	2.2674502493465885
-2.3661623298477723	2.5416444130759817
-2.11471000000448	2.3314638535088115
-2.180958688597573	2.0225100655390738
-1.7219752728147462	2.197327409984711
-1.8971959975386616	2.065212415451157
-2.130225949522903	2.137875705423977
-1.8375818644022472	1.7300153031042318
-1.230581392770562	2.891300204366896
-1.2524386436221249	2.8590718619857354
-1.1002354664227267	2.362149076542305
-1.4566392755370137	-0.019696957165405447
-1.626226904957858	1.6650456034592094
-1.273337868765928	-0.6040792829350704
-1.012653863435753	2.7627213521245424
1.2503369142084382	0.5249843334676203
-1.268504441585508	1.8150441715484493
-1.5172532972544563	2.634146501522291
2.5721025049886324	-2.5173775503959477
-1.7428705733526737	2.1378087484796855
3.0953216009895903	-2.661346596394606
-1.1944821236490588	1.7002718937330523
-0.6419419487130436	-1.3443815139650366
-1.6816181391687581	0.5789739260349883
-2.822595860700774	1.4446312910441002
-2.66420077466966	2.6604949577599144
3.1221817471647424	0.4047101054106996
-1.6751357528692856	1.866542758332383
-3.115610541782718	2.3309510581864163
-1.6655537329458812	3.0459723177817923
-1.3878912907959406	2.4790428918668814
-0.8771547176517314	2.304468139171329
-0.8491454916463985	-0.7527986750253345
-1.2837645643180478	-0.6332940690227168
-1.1498022709396511	-0.7583841113166307
-1.1581025378714314	-0.6723698558533833
-1.140923740214611	-0.6491584064365523
-1.1976469538014665	-0.7052951383344821
-1.0096887912859325	-0.8776280186362306
-1.0750198680509524	-0.6366821352461836
-1.190791775736088	-0.7349884059932547
-1.1828871194036594	-0.7762651703365986
-1.0637046307269744	-0.751008815282749
-1.0627920857606772	-0.764069406159836
-1.167730016768341	-0.728045575057692
-1.057245511855912	-0.5807198039362259
-1.3895402569656201	-0.05442796065721866
1.222893725853684	0.3940976227611619
-1.1862376284372314	2.422852219000379
-1.3126014477458388	-0.424708646582463
-1.8870570318826823	2.114127402965956
-1.9755233044416092	2.2843253437154614
-1.3188594752686096	0.974237831018269
-1.043861108434869	-0.6180526438710471
-1.1239619608600782	-0.12653036021880273
-1.0568997628211152	-0.2556971848764785
-2.866446115390542	2.7728965610674945
-1.0817634358531962	-0.7167923124407735
-0.9977351613447614	-0.960294530359152
-1.1355681808519	-0.45362044502017185
-1.2540559463649803	-0.766183114776267
-1.134520116308838	-0.7690607798847294
-1.3055338491090382	-0.09776611014988401
-0.7912906133856483	-0.6976609440410443
-1.5342272876983762	0.10877181576061458
-2.332017107240512	0.08127324326487738
-2.25385382429207	2.081724838200867
1.3697564464563068	3.094890020747037
1.4099402688970448	-1.9260524469626348
-2.0876317535236932	0.5291497781013438
-1.9963258373402675	2.6455604272621263
-1.655325185245663	2.5225460429712916
-2.5025967056164378	2.226878662945866
-2.0817207031562224	2.3185505466128142
-2.0667506177495585	2.1362651844473626
-1.8635144812081772	1.8379655707947258
-1.5302621800314242	2.242953287803633
-1.8810788584892528	2.4822331086726357
-2.467088569934646	2.62320002680472
-1.5554404651350844	2.4418910880288025
-1.4897302834997803	0.16106362309568145
-1.1992190968165914	2.4542001756601723
-1.1074805133572931	-0.5057310992621148
-1.1977512773126595	-0.5609584768821726
-1.7894051790755305	0.4236146982135045
-0.9737292875589854	-0.8891169523844907
-1.1308854083972215	-0.6569839029834574
-1.1790288632703	-0.7105190439312441
-1.0572764520870594	-0.7924435453604024
-0.9312357458703611	-0.8018917348190612
-1.0265509359798752	-0.8585035917634648
-1.0276794904724504	-0.8457504716339869
-1.010281870298239	-0.7514371118819116
-1.0968195831366316	-0.755236728021263
-1.0333615179390077	-0.8347737546541331
-1.022635207675458	-0.5936229707769269
-1.1780623582437573	-0.26745427657050225
-0.9502287280615864	-0.3642956145446487
-1.7715198674859953	1.2653082694163706
-1.0665327623878575	1.878019174901631
-1.6729413007996987	2.8917363369389255
-2.6897140160768327	None
